
BEGIN IONS
ID=979
SCANS=1144
RETENTION_TIME=3165.25
ACTIVATION=CID
MS_ONE_ID=163
MS_ONE_SCAN=1142
PRECURSOR_MZ=852.6970185083708
PRECURSOR_CHARGE=14
PRECURSOR_MASS=11923.65639511719
PRECURSOR_INTENSITY=2063065.67578125
FEATURE_ID=79
FEATURE_INTENSITY=10127388.85747646
11739.57291580469	121543.527462068	13
9500.589490265625	88186.61972889521	12
9628.644542046875	81728.79537781535	12
9372.529945953125	66594.75472642441	12
9186.443090707031	50108.2370997144	11
9813.721972031251	41092.58682245892	12
9185.452934921874	49953.29870092223	12
9685.663908562501	27595.77080820378	12
9500.590906890626	28621.20890026548	11
9959.784448031251	35116.74384308039	12
11810.60157932813	18683.28482008415	13
9628.643700371093	15425.86641359221	11
9343.538827421875	17263.15731945962	12
9141.392370492189	13807.55401415828	11
11395.43539689844	8887.305468099323	13
9611.618612812499	12973.46820714238	12
9483.559224828125	13543.61293392045	12
2296.01191659375	16427.06010039324	2
11722.56119705469	10434.88594609831	13
9057.387833226565	14983.40668666975	11
9813.724853500002	10300.45807213489	11
11752.57925346094	8851.546613025255	13
9327.507241875001	8125.040744466212	12
9960.786719148438	9224.475164488576	11
9171.428908734375	6013.182076521521	12
2110.933069171875	9927.643325170931	2
9168.4311491875	8803.19338590107	11
9514.591207250001	8322.972565136442	12
9685.664592765626	8600.703136442697	11
2407.043647875	7125.933270386749	2
1963.865560289063	7832.039145889772	2
9943.775181687501	5108.168090141716	12
9058.403445703127	7173.229802552736	12
2424.0700300625	7518.331961476033	2
9371.535635039063	7810.515310690564	11
2535.102249625	5934.720097629685	2
9388.55460415625	5951.70053949132	12
9583.58678771875	4757.427452786494	12
8944.347801792968	11247.56063870331	11
9455.547579929687	7217.05066812353	11
5802.005180484375	5768.128755296283	6
11695.5154126875	9419.654645020317	13
9312.491533468752	5458.044171783207	12
9483.576632664062	6040.06825879026	11
9796.70888884375	4836.66572798444	12
9598.606467109375	4886.45110294287	12
9142.407433359376	4062.693824948376	12
2552.129833515625	5453.293797209057	2
3067.49388840625	3610.103517503159	3
8900.289361777344	4165.119278204103	11
9642.632263687501	5574.769095235764	12
9455.522521328125	5257.243265374768	12
11794.58883398047	3848.381240957466	13
9012.333735707032	5215.680035941908	11
3265.593866992187	6128.30008739873	3
9668.651223250001	5659.559800134228	12
8945.343913390625	7368.496957419005	12
11522.4916243125	5563.51059701266	13
9073.42051769922	3249.163023313852	11
9201.477980000001	2593.038367280826	12
9187.445697664063	4237.173974211252	10
9441.5281365625	4502.56147504977	12
9141.378192781251	4075.859831957292	10
2701.47587721875	2881.907165570987	4
4892.86002140625	4028.292272233289	6
9156.437300921874	3313.389027579187	12
9915.751661781251	4124.030328061368	12
9700.670103484375	4000.286383335759	12
2701.47631728125	5222.543168536486	3
2738.205985574219	3412.757906731927	3
2238.991162640625	2240.584369871356	2
11680.53416048047	2446.711509055349	13
9583.607155906251	5373.168039187835	11
11559.49947647656	2896.209323433006	13
5819.015997078126	4085.234898769481	6
3321.599368187499	4702.190003853645	4
9201.421077386722	3422.539280815648	11
2738.207463234375	3828.303887361778	2
10860.9252944375	3013.223334963996	12
9097.352088289063	1918.385655836693	11
9074.415255859376	4303.040594362877	12
5688.926225992188	2991.564060875703	6
8294.510692000002	3273.856107957135	10
1777.791537992187	3279.543953736586	2
3487.02054909375	1816.33624815251	4
9513.588320750001	2226.071598858003	11
2442.920045867188	1838.602674151133	3
8868.227006664063	1475.489689408967	10
10331.9535489375	2288.866152352079	12
8111.608897347657	2603.205064550274	9
9039.362400859376	2582.173166451083	11
4966.911093539062	2776.904638650537	6
5338.375645476563	1533.755335664441	6
4635.2219378125	1480.959833528463	6
11643.50966471875	4117.212436058619	13
9731.654519812502	2007.238698251078	12
9325.45254934375	1621.01580929906	10
1464.616074734375	1471.215685555326	1
4657.726301789063	982.4159719790357	5
9611.593174261719	3332.818872934159	11
4453.974335000001	1741.488823830797	5
10136.80963210547	9345.598795594575	13
5442.552402289062	1540.167702885234	6
4384.279831691407	1789.876307744271	5
8766.201402453125	2022.194061169797	11
2221.9645503125	1409.960555292215	2
7210.34508021875	1695.187351439345	8
4539.226404195313	1658.994571910713	5
9283.472935453125	1726.522644816859	12
4331.376391015626	941.8573807517118	5
9265.46381084375	1706.871727048665	12
10676.17704542187	2004.425069663329	12
9871.220395933595	2623.633671301348	11
8928.372809207031	1364.805533398817	11
2324.622738621094	907.1159103582592	3
5324.166671101562	1142.369054599251	6
10238.9831796875	874.9068230108967	11
10736.0028195625	1835.010907565208	13
10690.08865751562	4081.943306440724	12
2602.041627898438	905.8596840891965	3
3470.035929953125	1395.083466389435	4
9734.632132726565	1877.298857272293	11
9539.541149421875	1756.647884185595	12
11369.50405274219	1561.436499448122	13
7954.72492148047	1082.423623733986	9
3000.458791375	1289.346650232003	4
8325.415687632814	3398.092388167764	10
9388.562032597656	1113.79551743416	11
8262.586721140626	1287.50185544691	10
1547.917881765625	891.7021129052707	2
2392.900938863281	917.1626598451304	3
5655.547329589844	1505.782133885269	7
832.4913799101562	1164.37040982242	1
10210.02357496094	970.45538712441	11
9566.670113523438	1764.077108601618	11
2357.635934214844	1329.532943189004	3
10762.21062442188	2907.454328427916	12
6174.32271825	1908.92574949609	7
10377.09489235938	1044.723522013261	12
8659.329650468753	1007.890870329493	10
8042.899621503906	733.5349662835516	9
8678.168515503907	2410.167164676806	11
10658.44732009375	2593.11448674535	12
3503.759491437499	1800.347106239745	4
7398.464715539062	1910.483208028046	9
8143.465665390625	1136.597407883092	10
6113.032129871093	1596.60459418646	7
10304.9058801875	1778.350728376275	12
2979.304964933594	1046.934564341836	3
11277.66337820703	1899.545115277139	13
5672.831081738282	959.924947855464	7
864.6902334492187	1044.031298376436	1
814.5580313007812	1093.738335173032	1
2629.449799652344	2417.338493322288	3
4467.666656777345	894.7214256370378	5
9111.382458609376	1258.207410864064	12
766.4562846953124	896.8138865378004	1
1732.14615225	847.8700018295984	2
8085.95035001172	1718.364660878882	9
11902.63844011719	948.8246179766203	14
10540.54611964063	1072.575205201811	12
6676.113644499999	1562.869464336384	8
7914.044069941407	896.8433268985982	9
5792.317333121094	880.3667410764565	7
4481.25675366797	900.7922664076818	5
888.4241802031249	1144.397558982892	1
5457.664392507812	1111.532478584476	6
5362.709878882813	5179.483632331035	7
752.7816631132812	745.351354757337	1
8995.3184334375	702.0687889322203	12
7141.705078753906	2263.144114207174	9
5752.886038859376	554.88733580111	6
1764.854770414062	729.3735717943207	2
11493.14880083984	1417.375117415317	13
4828.793349609376	996.0200932336971	6
6474.898663460936	865.5392371981701	7
7076.470105218749	1244.53097686113	8
4136.230847167969	435.9234908184406	5
9404.449017152345	1342.485371621711	11
10742.33455845313	813.6964427917027	12
923.6401235859374	613.7730107961365	1
1454.543246976562	349.0740009620208	2
953.0529653828124	406.0131051404757	1
937.1597759062499	427.5018965940357	1
END IONS